#ID	mRNA_size	ORF_size	Fickett_score	Hexamer_score	coding_prob	coding_noncoding
TCONS_00046525:17	2214	486	0.7956	-0.230763725595	0.236786990881437	no
TCONS_00039093:16	777	291	0.7968	-0.0890356400192	0.0824870089048407	no
TCONS_00067579:20	505	180	0.6389	-0.0892296546505	0.0150465635644813	no
TCONS_00131352:X	358	186	0.5947	-0.0805370353343	0.0146887841220869	no
TCONS_00069847:21	2807	162	0.6375	0.0567074803203	0.0258743983494716	no
TCONS_00099305:6	1239	177	0.5905	0.0794894336784	0.0323497828919246	no
TCONS_00001953:1	747	165	0.7043	-0.087996542039	0.0158344936102057	no
TCONS_00062386:2	3420	300	0.5059	-0.0957478558687	0.0294043349827872	no
TCONS_00015844:10	737	105	1.0665	-0.265150325207	0.00969140484301594	no